2.4
2.6
2.8
3.0
3.2
3.4
3.6
3.8
4.0
4.2
4.4
4.6
4.8
5.0
5.2
5.4
5.6
5.8
6.0
6.2
6.4
6.6
6.8
7.0
7.2
7.4
7.6
7.8
8.0
8.2
8.4
8.6
8.8
9.0
9.2
9.4
9.6
9.8
10.0
33.48
28.60
24.67
34.42
35.70
40.18
49.68
43.17
44.67
48.95
52.40
55.30
55.91
50.71
40.03
34.65
33.55
26.86
23.51
17.79
18.34
15.80
12.77
10.54
8.27
5.99
6.46
7.20
7.61
4.85
3.66
2.90
2.45
2.26
2.08
2.37
2.06
2.15
1.73
6.55
0.40
0.60
1.86
0.46
0.52
0.55
4.83
5.12
8.54
12.01
12.90
12.97
8.11
6.42
5.65
8.59
9.14
8.27
7.77
6.47
6.02
6.85
7.49
7.53
6.60
5.52
4.45
4.07
4.22
3.86
3.66
3.10
3.39
3.04
2.62
3.15
2.26
2.21
0.11
0.33
0.42
0.16
0.17
0.22
0.37
0.29
0.39
0.34
0.34
0.37
0.43
0.57
0.79
1.02
0.79
0.75
0.84
1.05
1.14
1.33
1.24
1.02
0.82
1.07
1.17
1.03
0.96
1.15
1.44
0.86
1.21
1.10
0.95
0.99
0.73
0.91
1.10
2.95
2.85
1.60
1.85
1.52
2.25
2.10
1.10
1.34
2.08
4.72
2.97
3.22
2.57
2.60
2.20
2.78
3.18
3.13
3.42
2.41
3.81
5.03
6.17
6.89
7.03
10.00
7.72
8.10
6.64
6.12
4.28
4.15
3.35
3.59
3.95
3.34
4.03
3.21